5016825
465454241
143693657
639061785
333923509
319096565
811896665
56709983
797204449
909427738
657759142
518724344
363645493
833343845
986681116
43898965
672211409
585998177
923024235
753128055
306678849
466341293
790045686
933404145
309148239
566281692
374558057
283797773
16586989
351606377
356637939
336574273
159153202
672840053
920659552
678607289
19522721
248585573
449834177
156653753
981428609
220979009
749858365
182906273
971914003
886377357
398369749
997453381
983530025
598179659
993093730
142701516
718486816
329206026
25972367
94969094
824872238
127519233
193054641
967157545
371748729
858959361
975132441
83023879
30752269
428570593
150342005
317781985
462702993
744580017
523600979
435691625
393544649
291173474
445757570
983180813
814831669
872014491
145419237
942265459
963809045
139603329
968942402
419566845
403038753
599398129
325423609
914967001
875009043
879085569
136632595
123740845
141742025
601409497
560362673
870769853
119377737
108257841
892502145
890714749
689351209
113246721
66461785
32013267
985747109
700445193
96975873
443742465
978061153
524283553
121566361
427292179
654459717
91329585
421089889
666310201
22082625
389270895
173888513
629979985
407529037
398738225
404801763
443074693
601781055
593802494
304652939
192038497
329941601
819493697
863088969
918428321
51078530
304265835
765656687
571240865
894454577
641738153
330007749
202979395
196101441
870254769
817853939
107262473
445934804
34459327
860109179
783696312
507560129
980605252
677243667
224461873
398793319
600929013
167186663
261268865
323993559
155272521
894145549
276079017
153284141
737335445
839882141
78829205
722371525
727960685
755990635
685116705
959854541
22451409
144163334
443260673
628063953
435791389
38034674
940898795
784483163
239065885
454796929
69186361
223225944
192581593
706863857
983790193
189370353
957749313
334807399
292472398
295685429
327529537
906888269
21202600
172966447
426859665
608052185
969080985
198449131
330414177
432162722
758416072
983207695
17025529
404561997
963565505
608617481
452202241
195067985
66219373
820224713
412817405
852885697
513506335
498111587
360542061
36026898
30175343
246740849
323665661
830064133
304823649
643467419
993344739
857884993
955132689
458650494
366318585
724036653
352260293
71673715
48916713
635042041
230748748
860859329
355766001
279546785
323675624
143177217
56913715
587053721
733277256
265086533
519855169
158147231
461265326
131591393
183259325
38766038
35714681
701039959
749730657
850193999
924904529
944300714
899004673
581012449
193930161
296718897
184717497
234996229
606397289
185241843
24482753
583343462
769677211
504258115
216531585
991448245
597434419
171165383
86826697
180946939
408632093
520615120
874051833
185977145
120215838
951027271
133008291
715191360
900992495
225766241
613495390
227060721
973597159
721548177
350301313
925876877
112097921
657149973
334737721
377134122
877114329
970496601
742660975
995856785
95397706
511045221
959467489
819893415
594893549
333773769
614228510
636378305
176531903
994613569
770957620
177741369
344524255
891238479
665103885
598897455
774406389
716240821
877484177
690746657
872162913
903681501
528178577
851459317
182543643
518797185
889944385
632428127
239620051
427095217
484682617
658264587
721248457
362843099
510975935
636722675
891573720
24831441
122318545
650896051
146886369
419039521
927870593
157826441
616632425
343662709
319454273
781334372
256403497
902215527
587790753
759869521
659946729
738061635
542345569
659193008
364129777
830690169
14260707
116168449
466923165
296396913
10385
359308409
206776229
824201537
37543533
294118677
230496897
949014081
657017857
963509829
792698113
120084241
615513266
989009455
420848577
544038643
671852793
923617601
921982041
357981027
531595789
840993693
405490113
762278971
144888113
332358417
531446297
590990483
258725409
722039464
75117145
81988289
580983693
400875838
428531201
615332257
10505201
652401721
405787644
431887551
603150122
800646271
64120902
789590305
392110471
563218567
34658466
440386905
76038345
711182457
794090867
873131871
626481621
431908241
870427165
881532545
922675307
956757746
448236293
625768470
555544785
769271427
325877537
23339865
975215388
777733493
840423629
541826113
988640735
503418365
390813441
737525169
32998113
849504083
891863185
618925985
85180119
885076225
328313249
108423205
951419137
41035393
439239025
981352766
33219946
186168597
707890987
211972433
305267697
110352385
169599817
85157793
255874425
149865839
499659937
883238464
908443905
298353387
716529279
88635609
987301735
735636609
3672289
566473345
529345213
680141201
575442710
91793637
603962237
337887701
343820289
807027329
551290817
427075725
41536409
260041716
877276329
949385050
222949013
424390945
795806453
71830311
183898113
511076135
742502014
731719830
821232185
266448241
537553075
490164477
668647681
98874715
897908971
439829129
103307057
660510821
210781653
141864625
692415521
674270889
9424801
761199217
640803441
292872741
301629097
361132041
157384377
497943455
950816673
834212329
702307051
645832901
597414637
19061888
733138299
123009654
50698657
756719917
705297333
839134211
217679881
414884185
381354561
874148662
663647361
728736665
818988361
985346469
751573605
674914330
320510849
816849421
124160705
135373993
473669445
617985153
765665401
586253881
679993173
105208773
138161057
754897105
330915073
265793169
83241778
311540006
98342635
836000366
562383153
718138513
61367276
730547669
15756247
400017131
571318051
197560293
113577049
450614351
826471713
143672555
679666561
865859457
924601297
393308416
397898493
229418017
787587585
890212273
84383953
924453813
137454401
815855681
69381041
90259249
574739647
114995497
70688740
552390017
721104529
627480193
902546765
71410223
820720871
855356237
698264241
647678625
342121039
296316865
146328451
793568879
190165973
634156297
905965345
244016697
898666420
362172993
858634029
977696337
291393226
346065849
657245523
473120771
882729837
384739281
221511337
514174769
20260865
108950885
239363761
124705989
15091423
581573729
127609905
558625497
771809569
557318881
964395789
108146471
953555805
140449580
452395713
262997725
443660551
848188123
707910529
817248257
300302947
535391501
67618421
760327831
138008465
61359073
588691193
33302193
31999009
435186715
217688525
254102446
762015095
672540449
905131617
659561265
344624785
886186817
98444753
720917641
534286081
976792129
889102761
396512273
926623641
9227265
583390161
668690577
396713217
262197935
909361129
481783381
972515905
118678771
447966745
44714769
97471153
326280773
36944937
911574543
306053673
825686369
668895937
676181121
368739423
687686445
928104097
12269553
461593425
391944833
103803907
655484467
65458927
89890339
338623425
591215905
540863841
919634257
394060761
231665193
99116345
710608725
557492609
103452969
799785503
179848209
828824577
741557841
171381595
268255985
733343585
982302093
117916221
337182953
503110669
705443809
675182112
371765249
439785795
673084993
990788345
457339177
550561873
749934490
634398111
211599481
283170289
618826081
245136213
596401978
224654999
94219957
777382393
47182849
727661169
626331589
645572041
609653659
820390867
176343557
353371349
985020383
771898509
459466689
15340609
85922873
821287666
991540303
97794219
816913167
3556375
900839145
955012673
129260033
522169121
920948285
832848201
921488569
158172015
34844537
533237627
70995741
717678417
275009822
41385809
132223985
901532017
526629617
818545180
828683863
205744954
750281569
909056073
34697513
406533089
988062491
554108341
675692985
654526057
892195549
704640413
272758579
12143094
713573961
787008677
31562777
304736929
279232417
138338009
83672909
554398457
174733113
595191992
784510415
483685047
967449786
912992573
102541796
217157207
917435353
32935725
656711033
138549077
124540881
933558401
231203785
42886901
43612796
159007353
125969205
979761978
260381961
190316577
230053389
920702869
417866037
744682021
544996773
708354841
408831701
712493827
205254649
417212140
159690026
8778253
348707461
61146464
199878539
596009479
61974153
252822209
727250077
244285528
52608321
170594801
520019125
298822449
164329778
538509925
594634105
108420586
633753299
306802241
425622265
760340529
60355039
413893697
671295539
691991782
575847351
664161773
20517745
176169073
288427441
311118468
83456713
645709717
892120057
435983817
442229617
983518637
464057461
740038905
768732807
333654248
622619581
770348177
239782297
200528002
619797617
338573457
528072850
636393500
16307825
81053468
999731905
593398873
36309883
754405025
859750929
69875465
513050727
779124209
96035773
627652902
198238705
708901697
386943621
882889939
473566698
774733105
820379237
978053521
792719203
590000649
726623873
668672001
428319281
118791529
718565429
520142179
737991673
802973601
433668215
26746357
188371377
19047147
308189412
496382
445975505
86748572
948679251
113038273
328930377
397774453
429626340
719283837
169692383
949706817
855567499
99846305
285161841
351353424
233511765
189612713
509181471
496290649
30441317
170222225
849603833
192393461
541817841
495890649
882718481
339899486
489868609
326046297
923123105
400911217
767557121
96114279
417114220
21540761
98486457
669565511
118653215
553444393
868515483
346920301
204059065
986770689
868287804
204527105
989047777
424286941
581497313
755743881
127696192
493401317
163521579
615799641
393764377
641575160
15497945
824440955
16404017
335100869
377786022
305739289
791950749
521484897
911766241
191605399
579278991
672263339
362187032
250747465
276598185
664002417
848278097
963266602
134739718
784188145
128328309
134686610
800596737
361470033
99617951
648427431
42436497
437319019
186837201
33979961
586380419
98784321
5637215
606793039
484869361
496571685
533360261
688671233
523160745
746949273
682794241
649751529
630682055
856734693
551986695
686346345
797839973
330186730
933057612
381215174
555214161
310770717
984656969
867448681
508284297
366617998
509218449
517297233
586596777
350281831
479467775
697211083
227146689
871194649
976344961
21019002
509227961
365185553
182465182
925323269
331071576
700371009
874925783
144512649
650770849
784467953
752614449
355398673
857998877
479788040
656767841
604935049
818320421
183283323
899265749
596786481
763893960
774855537
1977111
896935201
893560929
805049985
131032361
332335034
444869633
897879189
982883279
998334645
32578817
46423297
267340085
192101170
596994393
71462109
525331455
462804193
612774615
763612568
961286861
10521609
274239915
266182873
355890089
865569681
705616993
64145701
313612040
739391419
210853921
98752375
820151857
396167911
897526981
519494391
606945007
362012161
709337401
111082853
719784857
143931754
627014141
936400001
40897721
732924169
515838625
26389451
68090681
733352241
374464049
223958985
944736487
806204545
250304205
322455235
197875797
957485749
164569133
181418161
267040734
157006753
848493841
50211529
493544672
297709501
295527795
843019235
765221253
527425841
495574513
589747685
559171185
315504765
690493249
362581768
867305618
728768476
125542565
436982862
700926587
875136251
177652002
698939242
284918907
660506993
623549145
822934889
317060097
953905877
347315209
561299469
4402153
131814861
405326948
89100513
483122777
972519903
854300289
499619561
748147071
108434451
78323741
33961649
827206255
583466125
650731681
244859401
763440249
398878797
957243768
411937679
78781589
902188816
970969677
103297585
185284609
857690150
317919859
462548377
485103798
338236833
912190369
28176969
68543073
121572353
119311316
427516609
213274129
257575325
984147227
763334657
491958994
378597237
938764746
389022369
486662778
501955579
936090261
769460683
500021420
572070609
634761219
18696963
934850119
465163433
997639453
183237528
963997537
130492819
753520183
885391595
20033733
143412869
429761973
271237585
883682864
24167343
265873959
174098660
540548257
730923433
117394569
440600321
723581586
733519100
53853185
485515066
428731741
237939177
20307448
896347581
981431935
408408938
450256625
155096665
910296505
670990379
729971213
931413313
155383092
70044091
887088905
66566017
719772215
817447169
98300135
564607281
742939105
391379457
989361358
292061569
925069593
528225953
975013817
579404635
385101223
231372029
171953873
682766897
450251153
943837093
532001769
326326049
613497871
73917247
961565526
167976901
851136049
41543149
2038331
888974593
111986169
301998893
541956671
900430185
973227957
544543345
10693761
678281446
107087670
485078902
127327945
887978249
177711485
303463625
564069641
379830929
917386817
408076545
975318657
778753545
965273833
817972665
37713481
263868721
130975504
805311062
96738737
497777609
818698097
685496193
722048001
964194225
289034913
589056953
396860953
441727745
900553595
541873593
770164993
101098705
279870865
607794241
757472437
587984919
642207489
637846049
711430817
108093107
498016922
74152937
896433482
910981589
588138444
61796720
521352108
526319573
959324161
522254013
552332193
590036977
7332000
744557111
452849669
516533001
562010274
669602561
710587041
368643697
136415549
694413473
698752797
785792112
689065801
466145945
896678113
319656696
77796001
4961402
414440989
439644345
554999937
941204679
998841837
599891681
524085153
460714010
542621921
258953729
884364801
536985703
24489193
692728225
950476753
399834320
125627385
60986657
232887625
231715805
711705731
863412801
794215241
129960038
427204071
179761525
416855269
767422529
370329545
304709665
238754529
626877153
786115739
752379985
434201701
153283953
505394721
239109225
742922207
711881281
123456413
12747897
94588085
387333153
44987762
14359232
440974345
974322377
857400057
615301925
697575562
490250929
684683849
974971453
709019379
448056321
133309405
990622548
491948463
60806013
85197071
535602007
255952901
500014654
357649841
976806697
83063265
633964453
65446865
280671233
891027503
608048673
926709376
558901249
337908864
914399966
307853591
950407049
974868621
859667309
383011425
767083943
923286817
904795841
289088627
37953745
21869313
319022419
419000449
654336961
997880841
891882980
761915265
256430393
184358401
982365985
763495617
587411381
846272565
779266589
825279009
453187881
614765309
964108305
982357561
175669289
528037098
342312895
397503455
698495873
119969313
572304513
16027488
779051275
118353665
439731329
107231136
14116457
288747496
442096473
687030985
186427098
899301983
363167865
917906753
768289665
419240081
374943061
102810385
103560771
903721809
608037385
292491925
743548169
247058621
574665916
473249609
605338881
62141025
697768841
328463649
445182977
227934469
662802093
690298033
242148809
237820321
815463521
64297577
361743519
740927493
5503315
222258785
929413727
922824983
46138481
408015825
67601297
169313630
250107969
19141187
875439282
64041450
610468073
976050073
424609189
33918941
764323309
259870197
936692929
392998497
614790229
326546697
282737553
863355381
615064946
166922457
269180785
146816017
912115097
27560481
948678816
514317537
932906429
223926177
701683399
245250149
850820337
887821249
297418241
694647681
334491265
647350526
297705771
948834159
975236449
920355383
978134597
902661085
150693056
386241537
858198413
940624162
864815337
362801137
977546625
343793757
106659221
624727376
622316417
207588975
393337547
53759259
573586141
343164613
897815725
975937473
802623461
866340135
196387968
779263233
929337027
11091073
686633439
6356884
679911777
809690770
909235457
660969067
95067849
494164744
882277207
146273435
927363596
96003841
788769025
390471505
152948377
851424339
810493567
12507169
996269761
108594289
893555263
299847057
421767453
495136011
239233
176937553
161365499
858451073
391200121
312487503
719917849
527365671
731203881
202326579
313978182
120242316
986170123
763801259
239199977
82390007
983962177
881343850
720405651
407393449
312957633
284122625
262932081
940859601
838802843
29292033
244129369
542499753
847944006
608036721
255533013
678442287
499216817
481856093
234372497
562727798
622095234
897025835
676780545
761251193
991161049
64441194
32407017
536502297
868331209
816462229
655121051
16660161
537710753
436005133
960082321
349557589
740377985
290226881
90693209
797698065
811947686
128582945
227310301
320098593
946617848
851648577
940806657
872762977
671610317
812653825
691197085
711053577
404812195
8258877
334321481
531587633
296315913
886528977
710997275
134901832
388738658
837061821
639513661
949585063
384956165
3622069
930042760
680108799
201700097
669454741
131033481
275883601
682171226
227851097
728795545
396314832
190309745
188949943
764671025
665143585
674455472
842879281
131069217
429317079
948439235
650870669
928669473
970524429
249403677
261651265
265871077
929168886
953636765
230482179
452086817
812179314
910803597
981451589
253124149
497488214
161861609
799297793
50360385
889306769
577233139
931763979
444498369
747379161
977742865
930279221
350214249
691033009
902300361
385755826
569689559
549179009
557845993
332906011
207636249
885440697
33726662
728376095
380453725
603713433
731010413
195829394
363574471
614667077
114168129
218455757
969402369
88518721
377135105
288476857
783148694
517054125
995534488
993984889
619501012
788786427
836305206
924100389
541183329
69886554
100564829
133460191
846280587
24105257
197889899
979066804
125179329
73106695
151962945
958044609
796268385
352249675
114970137
721384961
456016645
280345297
378379165
611390437
558200639
376301025
128617857
44881351
947715137
222873505
723062123
960133609
531260641
125186257
52370753
511359857
229509371
5217033
7179873
634421689
681587146
676929009
492013871
595049735
830682465
678695009
117299886
192914529
293671237
812791614
864073249
431231454
213666305
343766036
326248839
875420300
440165345
269789903
924359926
196059101
149107626
465651969
873964353
818057009
249376636
631249665
822218823
764640897
859472822
483897513
5497464
591028055
349398413
606627621
685857793
123202077
212482
34990885
903394225
312341635
662011035
508465057
459479137
993758117
313787849
81771201
789162535
718427441
958246417
784983704
533789745
395904673
148685676
636300483
802513945
384168791
606402273
589422793
600172077
131289249
52772978
317372863
518247233
154886065
76595892
321478033
430088458
512191189
966291713
833359869
956908705
435859079
136235602
699451403
902864499
86614758
959219305
121638497
108747385
186231249
258742337
447840673
436541947
844322611
657189993
469883625
618183817
389192719
632321537
568314710
476172313
22730901
100534426
14207041
36346594
566204849
853401263
942780121
658171813
740353217
804050829
27611574
732864305
155086337
112407857
851095319
542711249
259835781
123133189
442044609
669387765
213079900
112621329
195070979
130305451
84540549
729286085
327132105
687245209
112016038
998753729
92277884
515368945
104419965
922591573
637500473
727991504
447779740
273905
173197849
268368417
915398142
999069961
620075817
978360178
462332558
49268617
371246453
372060997
743581193
283338957
344699497
261617337
106785317
634062337
830104613
640869689
19945139
927195249
779752679
491538433
774807763
825539361
316649961
679491297
574792981
722555393
763943800
523073537
953451563
745509945
636069609
880760577
351691457
415984177
382711041
96872067
999589189
505387556
783944451
149690457
705585753
172292185
358164081
610723193
729325793
787538305
993267037
736815947
221395713
648133297
313829223
193493521
519319433
931073745
580606721
292429313
652812281
517681749
341997223
409999788
500294069
169896589
171820891
218056789
873864549
84794869
362384653
924259425
145437529
729735409
357465586
249459115
247698231
944290241
872644875
619385863
41318977
315513638
743491605
859558741
823252225
268521041
335085217
670151681
75814683
476968971
656219185
181000615
723524029
397897729
759714139
354806638
89485713
153865385
259958590
980935865
108654181
741833009
833330897
473585675
5975457
901860623
647039531
264349457
991922957
506398177
120917132
404366977
225375945
703506187
241107569
320805060
948771193
175683333
902790171
958983591
690586669
390223887
395809141
954577797
469656385
118523857
124399337
146329125
94948210
824434679
887065363
284231636
378774709
967003039
223237581
599915665
628252393
837793602
472505601
388142689
84088235
914428929
619523965
718486615
157897989
290909808
58616831
910393217
184412929
42411961
655405793
232014849
443579613
405019233
362209025
529303646
547381049
132352423
67047741
306177603
414101933
63357825
593873775
266512597
84023695
586639913
486256308
8462043
385703545
454126457
267221089
800135473
24442497
595799401
95587980
456285975
990982683
805705585
548238043
261363796
693791
631728461
390430903
535362861
427663615
733157689
771363373
832485361
598607122
249027681
421058567
640723961
365047889
114790177
476582335
496916321
376011745
195006929
495916579
325479761
410586817
729460143
704193569
290967209
129381197
867050619
944715751
236711137
412455488
57659868
746909999
650825967
135079444
47548233
697359277
73014881
462712161
237455168
473693173
860002441
373829793
775297281
311788951
71527129
434289921
110233908
925432036
677634689
169556795
686914156
715828628
559942504
51029165
71906593
122984065
782574817
776254227
428849762
258800181
662400337
258459029
987198285
136047917
165626469
583775453
608833769
291107104
555582793
653366033
877777001
401972801
856453233
765825909
726270555
442985393
110924900
60968187
231986693
709417253
773034777
985882625
608756673
696725633
895451457
351099723
938478525
663607169
697911161
922728641
683669811
84687273
747873461
32395821
679449473
388028289
619055825
549118351
913593444
530796835
757250657
691220181
396423165
905881665
811607441
41408953
230960853
971636059
708222873
599825564
473103052
169618186
509709057
84507505
790543915
727606625
970775969
111246641
50679105
730302171
499433089
890094579
803856733
43801963
933062337
946734977
312584663
920188067
18628561
885404465
645407913
553819698
969185865
654501569
183986305
672243517
24578117
70876129
572723960
273786206
315621366
851139665
585403652
876440165
185096627
625029837
437852469
888114954
720850017
167341801
564990149
591247449
865971393
13373617
930379025
844124131
874614571
556318577
575023382
432482485
85060493
207248149
196405298
8876957
110496159
29868105
903483378
995553965
202976532
815150725
448369745
942725687
834066545
654535490
791931393
13688361
896534707
389367941
83039673
641773825
733911553
494276265
177106462
325684865
980692823
136851721
966439989
515379404
44360309
529955083
998444953
360699873
48290477
425204403
524349225
973503123
955874033
908148881
386341159
171440433
426936449
54536605
126907941
951729120
878725049
950283907
954798693
843417259
695904129
96807957
909114599
233478031
437686303
300508725
61266089
359961089
684644793
857012225
324552193
930120353
296943073
836862487
749091871
544760955
366598460
144700965
649206152
129070545
277618605
827998027
339433117
986736861
931306553
146094255
124097553
750127422
6679654
986984357
622374145
405540339
88479908
420346533
533260009
309667911
196312865
255372409
744241249
9756562
884332575
736571745
75377185
467118489
580815345
289971759
158467811
102544883
895363345
713226987
148786049
229794963
878507570
123792296
106512085
498635993
181928351
708302109
902140545
15720962
146194081
568223265
501662023
100868681
555240017
506500419
871635713
133885125
145126777
738396425
616755841
421525671
127248241
42786769
212397935
943401633
382160783
222824481
81110545
953965597
98469491
332385521
12214789
889803767
443356877
477168623
60948017
461851837
180137686
732388553
296060673
100109405
440688521
411638880
184601916
218586801
745897237
207718603
783637405
623616937
927454349
810532603
819359073
617346585
881298153
161705669
461442777
295693169
937876241
620186185
382063573
68515457
717213569
499863950
539956897
138523891
20439777
114237889
167150521
999280743
117118240
543322373
220380449
514843718
19664945
931875329
979179265
895989521
32322117
887532915
946636787
745084161
886484407
293055729
837292789
670634459
139190481
484391752
626793285
736149321
414559601
555464549
864693793
928703905
476187855
187915905
862647506
730916641
134526017
821849413
964664529
21996485
86883317
69051517
418281430
181469953
489490001
585576935
694191416
203932449
720953421
619112449
281093921
467714893
541190742
255772591
376502597
120097809
171973710
691773539
44710553
935992855
518117045
2033564
45550737
783360481
780175182
300443141
472035055
144517921
483105595
259343901
871126593
596014875
784692421
810678609
677180417
21290369
124436957
201954290
121231889
928386138
909798803
742037185
502242521
981437245
841432729
498209934
905347827
670653409
155779482
667798801
431595346
691093545
550440573
13153011
942950401
386515265
607916161
689968809
653092481
408804004
278479489
16834825
79797817
721404505
102241793
733998065
496211649
467559153
326220419
528883732
413369769
52751677
485084789
371544257
398669809
997352035
961175239
905714395
253718736
58426241
362991201
108612457
746330613
344216341
972768973
469252109
853684145
482889717
798206603
277141899
660247057
645068625
345249981
500925885
28343613
668091825
44045342
627136989
821613405
586096177
300548225
3342321
87117990
441848763
300244949
992834649
434711376
996805993
150512385
298091766
230746567
347333025
7236869
666110545
603504913
157284453
543124193
682372054
369051993
375384288
249709505
842253801
179218749
946304097
1280017
522916065
725639020
352975135
329135742
491920545
62027713
763472305
317169953
203156557
959655071
519248996
369614849
126305517
40017577
734737249
337628289
259455705
564290201
161536999
445515789
191581621
666542681
118309889
290566377
905002225
219263834
512429733
328083401
332918641
25253277
899531777
907226137
127122657
180141457
715766657
242395097
396372657
900169585
140145185
166956537
302598753
189641441
154300468
173105461
206200785
276278421
691981740
218613314
735384513
676977217
115600433
671596001
120094105
305730097
887007143
894864073
648173513
441435109
231916350
159191625
168948233
930106497
308564849
998079445
24714487
438708846
463863425
982751041
740201841
60554853
525976805
217081637
712694089
868150141
139475833
46511738
678733157
646143721
434754889
464245381
103066225
665056685
195159957
742205955
965216093
690225617
894008041
326487965
610207397
295219247
708597620
662408461
667100449
183354049
653813789
455011755
60193239
168269082
629694321
950241421
960622233
591765877
501366409
863275777
250393425
421728503
366078465
143533545
137352193
162005863
477103191
250789013
452214383
857732291
29279884
774983857
990607652
444680033
567998539
90439597
591402527
474334177
559685473
561414529
770277411
220700873
900503580
15180697
102314563
673287741
581427713
564684993
317550389
133592039
609320938
993946722
967621695
199818881
18044077
712169557
698488285
811554525
582503367
513747841
545621133
138474273
585106969
538720109
969537834
366253209
866038286
784772860
926208401
495042937
467474453
382334150
479901737
141413129
824802695
231481379
450752353
165587677
637212613
146561703
216210793
564444133
748079792
482745297
506806689
231465129
678323193
249950753
218263425
336269379
528156865
706607754
785657857
137387729
383394542
737144729
313715028
462996489
951296441
147453441
577758545
203626145
954700861
914529449
153014573
482870273
559931835
227726545
429578649
574812865
493027585
307988561
134055889
25331713
415595649
533159633
917962417
543291071
18602763
562467773
858239305
569895344
506255521
105013601
666094729
36386466
985646615
269831169
879615265
791382425
816338697
993516041
742598733
856209279
192281321
811916853
180610991
591064801
218978529
929842167
940920305
468942826
728794821
962654602
166329761
701657622
881520673
53462017
353582013
647516866
829210625
486426505
86649131
134317293
7782719
586803209
958834713
120491441
274179585
717398353
214877089
831572337
887693417
749093782
95151537
949712591
243932319
196573585
452308129
227819231
128654579
588378739
407555321
901699649
342689775
687785800
152281905
388165681
349010801
932015395
31260047
470495105
366741857
525856169
545123259
238723206
147123025
150662573
607895544
948228385
900290033
373997017
593325825
868118529
643142011
984060633
870890339
327297564
870045825
79291906
500440524
588271125
507430219
318161735
202857473
684775197
942718089
877934161
953087745
945421997
668104205
198000283
119958225
84976426
653596473
723139657
471188721
69167297
510538329
531409457
529042613
941553693
521213109
1142785
378568913
81047257
890486657
551294145
688775777
659869262
912835195
944192847
606751868
622094364
278825053
827418965
658215612
257071885
257841625
786297689
972668033
742509265
921220309
544287027
39403905
80277953
855095306
919509325
227998673
521657466
212569871
661404942
554082289
435860329
163456637
449613163
246391169
701736921
472845371
388009985
635528851
929893169
803514465
336077649
885416896
193687247
113104095
386355177
103170641
550644609
452559113
656089036
152058665
97436974
73932161
459081425
629637205
699807273
31440249
640452889
424912353
214703233
107769951
532689743
810880193
40612609
38865569
742611645
486143225
310989501
128318293
698506145
817391539
481472033
866720617
636699337
722037425
403194529
335901907
894500889
238052917
727325057
830550549
679380842
580215145
700304875
690007085
781366505
947701729
478400349
318901989
426152650
145844697
520737141
316342335
60775817
459189985
150060163
9989925
944513057
4296849
93137881
695231617
406550513
465920559
350752593
407324265
726948705
347303961
52154049
322905861
396784397
679799217
248918673
928483577
579621873
56704137
345330257
244011569
169405343
763624094
144893729
169449041
472102393
667839889
38450513
25743241
99645307
967123521
642824961
892669151
29516473
280749173
485284449
232750163
844624787
800975885
542443609
655651601
579746085
860404345
938658061
749141585
421462457
961675035
539376145
919008125
167939425
662871621
175327649
417830579
884818833
363817477
368460801
608296826
340108993
676521641
142993791
597998237
356469569
463461841
958644949
317347169
465700801
853426169
969320453
834267995
218856661
345553953
202221273
109855969
170364461
162363201
227265729
970777089
693598493
119418689
23210921
311900337
364451089
644205175
249686661
984252417
858654601
878306337
562504115
347906745
782212097
200948609
973754257
502521881
648959017
132149281
56200193
788532919
96381815
982797303
187197447
245801672
883944913
792066945
906050049
246213461
87703235
821093057
386250677
592674337
81785321
933858077
234372165
838500665
246419209
690210547
55788181
989361621
118128897
650437405
622123019
67988281
40769349
370556417
684814829
105900567
947861617
581108161
963252382
660850190
98699497
444150701
187231553
404020797
131844561
329204613
541922049
986833680
87246793
866307243
654214751
187205645
416011803
599933987
637853277
321627649
44037445
948460951
724873721
796270081
107357489
119104433
373102081
117710273
739884167
507298459
628319501
989335309
979983617
883538171
237478144
304990539
758401501
53375861
877246977
664867329
273663343
641092737
489512961
260597309
834250665
739423477
637930957
573739409
276553941
305456099
168426298
630757801
604999652
68091047
894873153
477706556
632519858
920501661
189877405
904264665
347732625
97671857
856056723
51319317
598453353
30320449
120958745
89110407
675754273
717319485
897636881
875147105
518972881
83676111
292983145
440285313
342821881
908026805
626364017
449552835
515914296
851427126
994656641
98800001
732232337
291796929
624682365
529585037
797562609
608451617
119376581
752867325
692902049
335675037
98536763
957796985
828678165
495741496
477197116
978741253
991994650
255775121
137792929
735133153
321590941
770589331
322527989
713722425
874830097
837254913
40735041
968668545
734552417
994997761
665800737
174056586
724781793
496940584
132478913
893845289
971633261
922903025
991648017
553886351
841537889
880555383
577794540
149089209
638516331
626623461
294692416
214753985
124588017
126456742
22659291
171389397
166599861
82828033
503677633
375864565
457374991
833129217
677954229
839016614
636364643
959750297
859404211
77129737
36925685
475444728
653773585
310561199
844013765
789127665
157456925
720058879
587486083
703257873
392280001
506476837
777832096
343150593
278035677
145279809
590293678
104446721
630592285
852605697
455387997
230297777
998076938
310864493
583437617
134829089
5256469
823519377
439039745
784297065
90471613
557669109
616640641
563603955
636446973
535079843
608147839
375319707
378094433
622580633
283027425
88380535
539463803
274988737
647007851
31189634
661086029
375795211
996323429
882146173
234412713
464449193
830667174
481606003
826687937
73945715
244308423
643970433
890293289
675763932
173674949
261977147
205893009
550223922
982805889
449967841
454849633
610577393
37656937
424602411
8471089
308185281
636897649
569860321
962461651
164356221
659861497
120392428
62960931
81439745
512035353
947952225
857725665
41617525
541315177
48817153
911249003
995644113
221236407
15984121
821881283
770510542
75225620
968265389
487125793
328791709
194256489
68207505
207959833
817698454
695040585
614042861
333493435
857499265
62700693
979290765
856227611
524021477
927146380
722230585
503349853
190896745
787930115
296126438
609855095
739744096
131654614
180155777
951693650
147372197
185310550
582484513
479031377
368412349
470709589
906852545
460132004
578150265
27824313
912862193
732367113
223717953
354691649
606686500
212504249
204875350
956159697
223191685
464583377
21494757
591125489
248927405
454320721
937630735
185426331
87328705
842463845
22009481
598774073
355356673
253358407
410336669
225737537
287010123
34958817
918573146
170556494
834295947
349996286
603488433
392125568
521537015
19255237
773176723
356163571
71329997
595129317
76301709
934214289
729647007
674358577
301267819
847215937
34840009
29332821
27117543
612375011
949164745
767444656
626217101
52409273
8444250
645671505
947191105
886858601
156764719
729824437
39087281
647205953
371111997
320438977
459257999
961696073
202583109
731531233
987666421
412879445
85543041
772531585
887931169
472235073
834701025
530714113
74629219
247719585
782508757
408227813
897707351
423548861
983798325
341416641
919380001
329116785
868749441
419638609
915265809
503924237
766213537
676767474
809125017
444383701
62562961
967612609
385600415
650568321
616110111
132792421
846374973
64568705
251775109
307679489
994706725
255752573
896276737
226811953
634366723
22428001
376827305
21783393
912098328
170456578
696155361
51012303
448410807
618661501
129356215
884329237
705041711
157203945
307231905
979359789
497602929
124437953
698556143
302048263
523505401
274157277
444742657
937985529
724530193
229846225
854540893
489429195
869317085
454371212
788024952
784534773
366900961
534366437
668897997
29533221
662451601
36707349
100947965
328122081
80568277
14609227
583410652
697128939
708601253
490426113
415636769
215711219
37027833
862827713
12058181
963811729
288975725
285034841
844926573
667588537
311341217
921884805
275109471
813272317
60793553
725117665
445335501
804869457
429572153
74221509
200403879
769344699
759312805
238237057
137485765
178440069
623833355
59404257
31903712
861071157
613833390
309652953
476497121
570602838
608181367
865618521
216640154
380836003
924579105
394102892
787328769
953367403
528613017
409837110
302947169
944586181
273302697
193146327
129883173
530264833
859366636
17535005
987427829
8768497
510971860
852890520
151850641
363113501
859065293
860701203
704054309
906230981
991623777
106164481
948212865
395832235
616810629
642370162
873215393
638682625
872603914
991270933
958693281
159314233
276168980
556005889
218332356
429129665
551669691
200907279
113711413
321469765
971274561
117980513
234214013
214960557
499999505
787107975
655510169
313401265
400306445
912024309
461783529
393767297
736837707
330347585
918986577
735131689
142459649
360446567
716681654
557943273
391780737
63079340
158326649
322978653
62242305
686675545
174370821
269030601
685018337
921072769
193589001
716378537
827245015
210963417
361968545
318416221
113164846
353973458
333458593
178185731
552104357
709148497
851175205
941444129
60696431
59855745
492465429
86141633
782139009
337599343
902885866
974528447
929937253
53564215
575570624
857742861
258785915
264101425
859516521
551690050
685295873
851085713
567641553
538503369
7205089
470541203
379578597
523548801
664843285
534981249
860777793
454317873
864580325
91032929
570115693
395347098
410204123
687705948
413861347
230981425
665580033
145158689
485012
868436584
597591345
44954507
715843457
488841329
639812426
874343058
889796057
263393945
651754305
990186317
811527739
617132813
83821077
247507089
285548351
99791881
830719490
525211809
809406573
532510410
732360331
665797794
360514387
984247953
662655569
539928049
241547777
694057757
149784913
758006713
777113216
997383861
104361863
355879166
7043661
136040505
313520525
7648249
492750337
857053289
790091607
186224417
78659781
975006517
167174913
868700841
444896177
301875525
457428625
522793973
457575497
269220748
51684
686930789
456666113
741156668
679315689
189205331
193868387
203590544
313876609
280869645
862482265
325318025
778197913
841524365
430978101
998268801
241517188
966571269
852788033
890651457
64117853
241053623
15324351
557655453
62029737
379921657
713865565
330473630
639049403
956763020
264524293
482366537
33634857
240088417
874571925
417027863
594707337
186914305
861999119
267039633
768556417
75991509
608127347
380901313
999207665
838567513
767801697
457402065
425281662
519000957
936330454
23208065
511108801
488107675
23013175
775313633
164733825
630333281
129709919
884676097
447268900
966349397
643586909
276886977
889512601
824022801
102051611
502815210
962482945
399474445
613620875
886019161
687109607
12744177
301751517
565916811
962302747
989365381
246168073
314906113
807134680
334840833
622562430
905073153
750609435
222088421
691000271
794141433
633950577
605379415
186074777
178248885
306894665
922595609
610786437
872491125
199095305
208416266
337056209
178392613
64350333
868481506
594945173
261628057
519584049
302519557
975620090
616533907
821107937
724222721
867110422
369749777
38930305
56590421
51347336
596553361
509096369
288111887
750581869
384802238
11844445
957350595
135870335
431763969
214820657
215309263
354930049
591064529
683493053
57078245
598654669
719670627
800254265
562223681
593266068
206379465
78053538
521458841
625565896
476278353
110925188
225922041
477822145
288246040
310443081
430574079
365866111
723691009
132044265
20633089
883158225
636583277
426349541
880842930
79662625
100793549
592719389
412062801
247905169
101064457
827076841
280567009
707787617
957012587
591640477
585869825
12330253
993944841
773010785
372024961
121032958
541812769
995794065
806240545
118343441
485186825
998642977
244699609
454989569
992821049
7872101
176367873
901943255
977218561
608686145
91124585
627746809
576295369
259542609
835135678
38972161
708495609
800002577
434596225
24071121
140202449
626355673
92221014
659256449
147553729
333365753
690461094
388548161
317309377
736415201
493506145
387536439
700540385
253335011
452888457
789318419
214813791
845970227
560823737
457617315
31513449
172764301
514187842
158135377
165073403
410198337
180239585
299313609
247479817
710814401
612879129
688642866
63659787
994021035
814574794
132401665
333838093
9130665
623642604
211223105
46554813
640267953
665033385
831554509
989218305
191431705
34127395
130844825
573435343
433154998
697616961
39350342
35463391
831806013
688785209
131875873
980339907
820888365
697764432
731655425
321896513
376507387
350028825
605027587
925737845
923646541
936126703
742611305
483396846
353587677
389963295
287473605
47993962
330509697
203408185
207099293
19336193
140880553
109899833
603044993
963362155
244134449
685580267
123561881
126864627
501164673
778970977
921081495
117855003
418548329
640969499
418235905
233013761
603201744
597272975
46182849
966856321
903927769
796056961
687335463
603445495
556239491
513749901
442996289
669498241
940908003
475687901
796770603
54826485
949044089
602883243
478279359
742986595
255926085
202616961
741014545
83379371
385401433
813208365
858440987
979474097
192401057
630675069
937092118
140110897
80213505
364919057
619118061
336587129
35977717
122206547
162471665
253197661
565347086
995849537
788775163
13654305
204058913
468306721
927519889
374027037
498105837
749537078
705407711
932317629
680113634
975715809
877528012
332811649
853813185
536580857
299631489
981042961
126912285
234039827
526066929
554303677
890900571
67690811
490297839
135133917
830312222
966462593
907660721
813330202
897310809
15422033
819785757
273503233
324537447
318558409
181108609
873146997
980060909
851836418
984692359
341456597
350261073
253651781
143768569
640997097
405023069
962707731
158430093
78001441
175396287
888574914
344419797
918076269
973215273
610727397
98896972
603234849
773399677
746411649
590438029
398328545
606234233
210285083
110054393
222331864
724059973
696473369
708015105
576129975
245384537
305561641
998752129
952475293
389872257
887531990
223005329
833073409
733794985
194434205
938629057
427037673
17867793
433044368
666116577
941032969
53170757
560694705
865080481
314693611
904543835
33560115
919770377
910934906
661673023
888987397
70494305
23768185
896379649
971224353
26379412
888925913
720944995
898941621
76259249
431543297
976445083
277270745
337985057
121414657
22080921
932220337
336996129
510861381
74189377
581214329
356407821
231937703
974217596
677961457
431590581
936073449
845180945
243214591
871888753
125942532
746375041
273581849
383471879
367613603
978643545
455791867
827538913
87413671
859568449
889850343
676275951
257010519
59167835
135686555
880537937
316159897
992961891
115166341
672601601
869491849
291987137
174577009
24816461
873411681
288405762
614234657
297617737
364067615
427696065
396968005
429994577
386632576
633157561
556747785
51693221
668998267
872340449
441963479
507827721
243847601
433475585
825296583
404271249
784016257
237839985
219905161
98330721
238937521
144197801
13344769
283856278
81329905
2949745
388551988
794318742
17046533
38413873
695436566
642637009
732223831
89388079
871602971
908376785
718223581
5519945
253461985
561734881
298814706
975130429
522032941
510947105
742620372
454478065
195424876
342955585
736460841
234129333
522747147
56255825
359486221
33715133
912639535
261331457
932631946
5297332
586275758
246533319
887875233
803437617
764380835
825804543
881179745
283252189
192057533
923765745
954868363
969791677
446479953
785925199
365582050
859940587
267750705
798946401
891604073
120309291
676527329
895988417
218253681
462300673
791925747
886501801
617791513
543833769
597714987
147409929
211851297
514169409
149083225
652817545
249920100
598732001
75038069
701863213
230824741
317966209
252958713
715614321
550167684
53879502
568556385
646981145
776958441
274062785
100599409
436853025
953403689
941478099
524621937
778054797
820138867
613378573
508397409
48837873
709160339
862009985
842941697
758920158
942120545
682299993
213818133
907383391
24451705
41598334
60394865
176755201
231525460
15264297
951691521
86640113
959212583
36782207
122628987
882790973
489587353
990019777
908683521
556584217
802119956
858872299
852058177
248931309
555007361
294226295
35580377
488666833
555109949
156959789
382058964
67615569
589175299
212145837
766676073
237395005
925024773
747425692
954454276
83448264
318793217
814532901
712589681
635005871
299127601
277953977
328092323
821470643
160443141
515511597
418760494
131196277
577819155
382592119
10325649
936861897
171385689
192051278
810497751
776909009
728674761
562807213
40797617
413080857
179435081
546051761
481150891
871340287
83060613
788328553
519011627
48473917
618345197
805846953
236346177
139491585
292102830
464889295
894359777
555233277
974247297
14910137
228094859
269128250
138937873
444919257
10691233
539133737
787576001
566402973
826186113
117250841
986364916
722499553
698916161
369350093
552055377
330611281
229424769
450709453
265692689
538562992
439119385
992148593
776960193
65500785
401679405
984355033
578382325
52000281
305442513
641914559
793471549
758734009
174067529
782396783
163224199
367548908
663329793
738582681
72700267
992167793
415067037
684560026
722185717
295448077
717530753
640359899
803470121
344818037
602512761
20457181
889855297
91887713
41306245
931338563
472958059
312756043
318951153
557011829
980655553
334333345
926801141
136169681
106970627
387376661
491132561
549415921
872031201
967217653
622627483
251039993
368181217
832851012
801591975
356989713
852997449
322832603
69376897
119221237
636921498
889548625
391638089
317257309
769472164
626293351
637169131
376301570
635747329
642201135
881191089
138127873
414096245
273586047
104205025
773896129
690236668
255105345
781230705
487790507
29660161
893050513
989841208
990264139
265149168
385022289
988601601
522267393
627608449
516071649
50663017
980729993
848859329
538123617
146946037
617622561
872052117
800307735
23948024
293489281
604794539
638028505
575371095
152762337
246086738
227858148
845370627
378245933
818817998
835771659
759226185
182390053
385612545
955003087
940192745
293268223
884307533
131646881
479962064
992551553
967514573
734024385
168548353
685464617
300494593
368895664
743866619
521127091
910279901
494447705
450119809
977574097
814599937
771021617
438143809
951969800
716270345
327299473
199257583
50744229
398565793
639859153
354899389
314936193
638617345
290570409
467741405
303047503
95523209
305276825
110677053
37295369
967391985
917111241
188305381
569517257
639892365
808526459
368526601
917772969
703545405
896780737
806176757
214285937
953763329
197814761
759033413
712069410
450700831
683612015
163230521
213521011
131680626
265567817
359596219
688025126
875369245
100160571
584997173
587324077
542110935
590167633
884859425
158741513
18927113
666734249
201413827
823733533
133044196
820778529
584556033
647775955
467085289
925635873
771221721
312058921
57429019
417971449
377619399
38966747
251966351
709656738
252795633
371981889
664073973
484760104
389940353
313987865
76430585
27115329
171075251
414829149
498689585
421065521
547194698
711514113
783078989
13801941
994645585
966760521
992811513
521173330
855231667
124908207
814019497
3557233
132590593
861295445
832072193
842596249
151290585
70508459
901496507
328060313
64766337
92086349
902061042
738772057
870182857
219682515
771766617
851040233
422140849
890394593
920752858
695438567
186520577
823595953
687215259
220049437
311198089
348453809
746006681
545338383
108884529
580756185
660565985
369420709
358667490
968927109
787485697
720433213
337495097
752900129
917064022
855092698
366018179
679545505
355303581
844529875
947752063
755287217
392646517
516881293
328254211
445220101
666641209
359554369
107674329
610924579
148860659
754466529
503141369
955789825
677746851
873000761
346387692
159896053
148604735
40646595
409426361
988075593
21796129
542294533
233280093
231221373
124301509
569628289
778916834
852402911
447896687
760210828
21073905
447959877
414272913
331988655
835008964
494868213
580912842
908569949
332007797
636929245
618935649
742351201
726497857
143985801
8499857
504358219
242501825
426884469
866241185
46068737
751166049
976407113
392863831
190755876
991742235
233139841
158027649
420356289
160692865
744966905
969330954
580720809
165966865
799133653
480646229
944387444
511805981
127281069
272183625
564022356
117906209
537314833
206799351
196196451
163523559
68710913
903216593
693690385
625725865
325043442
991847484
666579607
287724393
347581251
987346945
874465793
738489981
50174553
123849729
287535164
558431313
111345057
313792018
525333693
439148609
388498433
404071532
45186566
81054233
829187107
13726213
60587039
855453653
203455453
362727793
543732062
221688385
47958089
277820497
948966765
439059309
813317217
230278737
162357743
848875301
630731873
61730881
24507910
874898534
671234250
741655249
3036259
9075673
278206569
204309435
981357921
97542969
187475489
691661633
242518685
334326641
35712910
638800913
149980609
143512865
961690749
831580121
391060411
7076982
703472469
129659877
179766371
632732881
952260913
864317281
644844995
960984353
68046985
83687040
831162029
915311681
799831337
374065697
441975385
510127297
764050304
110143057
434767851
802961765
603588097
439287145
436114384
433460015
721335270
780707865
639014341
252836521
239409897
718411745
904119705
658858129
64450343
847591881
637416641
952829482
673597474
492143817
518976383
179957951
182250
454882367
577174069
10834753
856121565
670866625
689057777
902578671
271463441
902199169
826123194
9659161
88491009
943543449
16101233
642569059
572440549
358266303
297222117
689756633
31550401
444651631
776729801
409633323
833177601
520638409
589856205
531256189
996689629
788638450
539894913
242437625
162175361
405932469
890206001
300761065
369717592
206903345
899995634
433998588
249927671
403086989
1032814
884233721
600497313
541818111
32955895
547150153
624506476
972316929
343611954
984654497
916430714
174802497
658017793
977158757
573561872
589895705
817271361
625019125
976533871
884646221
715072897
385104809
316920636
660360801
520340817
288680054
632258225
69904953
999562809
283276009
219003227
519730241
897526353
504894805
18376073
514440801
323350017
598971905
251216369
667501217
20725499
552064517
3903233
986666817
770754321
930225335
608842369
198927773
600343969
731877505
119513277
832210564
570982806
216377923
675067249
61826033
867569009
437455097
592705297
990146977
570055174
726438817
682540464
333633569
878889537
503726769
25814073
787935361
962460849
757678991
671461757
775060705
344941921
721541550
99865828
924887939
72694924
563804790
236886250
465089207
424549617
258320049
412137217
355388226
352434979
885462419
52321345
835730660
370262401
181963905
464621921
663256705
160519921
77719723
315822305
645386249
106535149
705325050
859147353
861837929
979070127
857517539
944636001
712134233
120425396
789849363
287158305
231074752
89767373
870238481
696353489
409483361
43573517
889150977
190963941
307462141
619400193
619371449
182212785
526452337
500163575
164765329
22985889
572329127
477304510
76538213
909751201
936087961
904814241
364154113
876084781
8140083
669047605
869004193
125682081
134104726
871689493
50995617
759562997
461424905
286351059
796292515
863005067
353620293
774326753
972640241
576370915
88074267
580920785
279112951
216145867
646373313
491820209
448266465
210175049
907940457
422080619
89892433
863083425
605233889
136557185
144888129
473960401
233824769
878726057
685737157
452674673
772463729
86846863
343437672
210429017
463404789
580651677
955935777
767123969
94456737
74808509
484276569
211380857
210222321
701364947
88641489
391801769
343368232
91486113
633165301
319117969
312198551
590993511
935775525
148359026
905383495
636563857
920641565
481141025
235055157
765271297
885518105
239288279
598051697
92969935
766934017
286386813
807089139
741381693
965113273
106476449
975566589
945095562
426253339
384492205
416396961
637284865
975483673
542575777
948234297
781967447
100076360
409606857
496561793
905302217
650323641
70117565
527700129
710800372
818620944
586232841
409798787
529338521
815257889
742392433
612824672
883560529
94748685
370575667
27615361
33540545
783913049
690834977
883263593
114408415
205203309
275099581
952748462
848734335
47284057
877382849
471073281
962886209
34225495
339991305
733111041
371348537
122192801
479561634
923718401
939493489
30929932
897914699
827344873
65654401
240906157
653123675
281176245
276153809
225872065
546819621
426784293
980144103
860328881
524946961
913245649
183191381
34231304
373029269
768253927
305053185
884050771
565840797
455475421
108625615
21090843
884371632
900449369
457274993
405948873
628184753
958441969
867521801
885446983
494137089
80607869
348296193
872104917
924235247
801578113
311493497
459391489
928652219
323595305
578731435
688251309
306653817
612158299
830300421
150167972
473723113
219180177
363589681
997877965
173810433
855529663
264902359
199669527
560872705
558500737
780136417
546091137
357224604
535576089
866655628
870159565
779539073
387932311
360698765
585145463
506162939
99364061
771114089
777584393
865783645
259326209
262670337
862162669
864273627
292188081
467612481
8637029
908286825
788456625
258203585
486660737
945077145
46428177
93033665
452081459
658628225
384405983
789502120
307762201
3002561
851618817
937205354
919176329
603213657
380343612
617156993
143541122
351406637
136756387
163803683
781909747
533537769
717971915
720858781
697231997
881523467
268236801
36617153
253077803
366396525
37550601
483800708
969049857
935026737
129671809
957846831
791467452
784677884
17304909
366404465
990454529
756652935
712237609
863890199
607504385
969965460
147360673
898666305
551940649
121468505
592771573
338906624
390908054
690623829
94674137
36381505
342477537
203157505
886084825
998105777
899137569
815677316
326478753
988661307
37617441
514696129
248008913
924207361
981459657
873610241
149648482
865184079
803843799
238889577
641531460
270186062
510821005
337210736
363503967
542871905
679470019
444906145
24395041
780232338
679560321
285963263
469426121
257936161
487695489
706588161
433246385
693698609
943055297
375513671
419336783
254502401
386618109
6898865
565335561
370670017
143479265
584090625
229451217
965945723
981287389
888273777
36283729
35499113
275974285
422450441
17642129
871529981
594825380
452228768
40295337
538718261
124879833
358700992
777783787
43553581
552558695
296174805
731611413
586964517
908680451
852897520
301117793
574040289
316482080
858117409
663710647
115848705
911743457
224835855
970505287
689765573
790668445
145120201
153927745
198832449
9758928
608695145
539532037
332468489
25646893
92780857
613684865
12978497
785259393
226429665
995956402
955284865
48006565
725480153
752901633
290094081
958987505
943849675
648266509
444503557
545401349
432942721
891078657
681675461
552285893
397341389
196955809
889888821
826799083
152202403
84253457
621665861
42631664
869698573
543443341
50031361
299195821
319589233
480800101
804795609
368688881
246678401
796109521
819306177
83811302
545957905
696852065
169764129
621705513
220329701
454837871
838048301
698330997
448580677
702571588
405201347
545342593
454517415
11466433
191891298
198595592
452021801
798103857
989501002
86858785
868546235
48402257
756627349
666064381
41801129
906782177
300651015
129076093
394064971
264770101
18208689
328025974
943303611
664653529
990505109
351591137
505797023
809456257
557456551
200308639
460506222
389729185
662289951
276812586
944904417
339961243
460013721
638400175
65419193
50853633
388541317
970839757
853613219
910139005
544906173
556881965
567865159
23198259
588618249
454337769
689115661
59114242
702538133
134011143
988299229
109881019
728056453
422920325
109024892
121450621
358582501
110357537
378376045
204300237
424411009
808482279
529093455
26364289
462846309
307667013
373039862
385651961
442668177
967173273
540306433
589907889
431768385
110174737
9865473
134869273
450102113
224449905
156225393
384239457
192370535
236937633
174804809
353600927
508054792
205395265
119072129
313459133
464598313
811619176
903516161
694211721
513812721
457600193
570966712
290483299
539341665
195010693
356759289
983833889
868323405
996929964
55000815
186617373
533884041
880383099
50989631
812076321
46490689
320312927
414607105
970722705
673892927
914469177
367344478
683961369
91555445
876330241
604761879
514080257
281593692
184843109
623202561
497899081
63371780
899942017
173323041
543238260
132619443
496963256
375213185
818039777
349314785
920334953
6867957
523678161
519544213
806829413
432812183
954011759
530832033
431423817
900998521
42642145
31717103
427978181
69326431
953926397
139836289
904976404
27908233
490804737
606686213
108686925
273175529
423806651
666760511
693137640
171183557
294823041
159733857
721112321
67038785
881081285
852554621
806248577
132814832
860926473
608289167
629386937
391839517
29906347
450187377
287462217
643292363
81597247
112171073
75509063
514962433
944400929
270318388
45612845
789797179
158819560
737962817
392650889
523485565
711714525
452491083
809223900
967247929
265036153
480150497
226915745
693326711
339149299
518012945
587776385
407682249
500654769
297417307
39311371
926690845
22327777
552334683
568141704
698790457
631344749
635558481
800812593
28087345
702060693
337793540
454774499
74506277
452520481
271501561
930160641
641545599
87885412
326552805
774124547
67504377
377916241
129522005
6155113
933575873
646165505
401532321
989814197
218864745
653970161
23340162
283323058
363851429
277041612
711785665
622929697
897589520
620021314
27948056
619302002
666523297
652483621
519757902
231233609
980233168
540798469
239426689
940964337
897572889
216957441
513576665
126620953
689315293
887864731
632299399
339042817
106836513
965700761
852387481
185328374
221526457
516523569
269354930
7332209
59615865
209694145
665838265
28334311
862802732
674766819
186904055
668557953
626121729
733666235
945478217
431623669
358375089
454850385
653732735
319018649
426810241
638552449
927390953
153793715
866832073
659078561
314868211
860687297
944555123
918485037
731937469
130593758
547133349
844288433
965997249
671620295
344872270
50313441
384859169
419114433
188554052
420987617
441275137
89582993
750882875
635680257
523171402
365266857
784448001
282655473
612777807
406847335
759612235
310209073
27844425
43939468
907698177
99954553
810298169
767673409
998150391
807217729
148745729
355849887
898754951
247287472
386211369
614563969
725523457
253319409
309284289
628782081
686762317
419377913
445577509
881806497
368925265
663377425
201804446
955668664
442704849
987823981
937660055
983657329
255945773
796115657
269146625
736234099
386925149
936271745
199132735
862319801
979533557
894597781
409430187
560749665
930152101
695652751
31637317
890517495
555191605
734245633
147599777
367787625
957379745
759572993
698103389
595857025
914196733
782353305
940437873
575638981
467534931
873633744
776775219
866873217
717324081
470059889
467587329
885952603
736155035
412705367
399096473
444376833
621506764
64830904
929788929
855757193
811419329
662826217
89634013
244112129
865505489
128193949
230521177
507748701
8338041
631874835
160586024
601709535
873390593
843415585
716705216
418327273
815301045
991274157
603598504
768105161
929229233
118993457
202669203
860797407
381198145
533419061
953497937
434713826
997501153
598654423
81237291
927098845
488574153
101690105
748159553
159105192
284400257
4091270
977918097
540862179
508578953
607260581
139947351
839812011
972518265
332748207
108012097
554289583
764475484
4320968
581171977
585379489
770962469
453168313
793559354
169225476
225216521
837529023
720249297
65261761
973182367
574329010
192827049
400345913
803254326
139379625
587480249
694463829
569313485
279861337
915154197
873895817
264933165
285470881
213156068
951176705
273486753
380830014
415774113
172710529
408918413
577170622
58925275
666661167
269065889
409001689
415189433
813219681
527498486
619188277
608039469
108577561
735887582
499688033
799996289
407757949
509710761
994971593
922190953
582301527
932702829
140660007
124357889
723182197
570245737
520977399
962018449
919756993
314511193
852901525
849676991
180658073
187585081
404984185
86799489
368606835
313430241
544397105
178692590
614658781
492528797
582674549
33783451
953639393
378251329
510418567
972168597
266487201
589521505
339649673
265682569
981908325
6124882
850506181
947855038
639265428
958709331
699860961
586585392
246443193
497309315
871074609
457615529
255326305
969673959
97535874
923478057
205124541
975327223
532488009
693982017
904221722
504494984
8218641
901263821
710503665
526377369
995816902
594124389
314974793
96976649
804648193
6360343
855251007
915787273
375676807
984166129
730904305
463288713
728537451
208337434
196370093
362318869
363151194
892208545
848273939
526841464
975848905
480807161
98090657
268476693
650342072
77395679
448690945
181348021
950065057
544970483
865716737
475533425
293775337
719442337
163880617
782006273
878755789
505524321
816590509
148607329
613606969
493223144
647698725
551538412
450323457
952727633
604630785
551438529
171413589
664568907
105920137
945278254
772328257
775026379
750733689
774090949
244646064
853165365
751432769
513361841
469568981
708872665
133697701
43656017
915990788
61363639
714827655
139607769
170133681
178862777
382544833
404655871
442380117
962485885
705535569
475481993
874249633
264022753
971351104
148830055
479968327
884330057
673240259
218029288
732970801
961072621
273620580
457369717
503407697
551020808
777728737
678347291
343335649
169139845
883148353
559852161
478187825
769872375
22910069
702553681
724887585
626567393
829075101
450472579
722944307
921148223
119667633
391194033
260279561
796577127
71210608
938979573
176882413
850906301
673926993
865977498
846401727
861724641
256806529
780803825
896354311
325860821
988252679
911199105
204440321
146477273
708363745
142506433
210702889
300841729
359341625
456493537
392149466
851655896
604893751
234353409
38471510
372117036
94961777
354496225
562569377
977564065
786453013
947225887
534203899
999844769
194256005
700214305
397514153
790174851
667716155
954172609
84775609
365185313
602243339
316834129
810401545
468688448
341286453
13326425
226999409
746031881
379899491
914208979
679471469
360529991
179763980
971304441
843240897
277568769
442662513
192426991
554255425
191651481
266910945
987757081
606642121
90481993
504281937
132340065
236332076
542463258
963901617
161365729
811942449
667085373
783097573
88264481
354697153
942364559
135315745
723022459
643888641
446181823
82607793
162150657
991439817
369808883
987882869
508624581
80370669
417773391
602477713
977225539
824158041
746932975
313978291
985831265
503980607
285779785
112696329
58404881
593034837
339355960
232201969
55345283
87482924
311805761
922826857
81314583
452728861
271005561
741974623
931051699
97809269
28811793
570830187
956441321
200356607
25303179
650126953
322131542
67289849
846378145
546593319
377303777
31783189
603647173
649936776
647629569
206910561
985084113
120589912
803486203
910494392
947444335
400789801
657788324
238871985
996975537
53631521
431610341
983116917
876218122
492418793
197006989
735445405
753071997
710032586
952859233
254779453
860606231
993678281
585513316
607070089
827608353
118399077
895439855
842656225
434518301
257790780
247833825
454853907
69154737
425497139
845534465
247908113
517613147
398740577
596209473
695493039
559330917
761412897
535530907
990640857
175763487
687548829
68157345
883547649
47637977
733876057
79976513
208548841
679301977
711909579
847568551
764740877
81675339
506725429
803783789
257047021
420392457
102774633
505036129
407173409
970921447
18467309
763793229
515435497
520605841
460102513
629315713
717878417
229869209
104233521
762272843
501911047
60900896
28365201
716352993
863221837
13350499
624305017
171066673
449722689
795621941
713106340
53746689
219007737
392738361
638365825
745141428
660549355
278861865
834346837
73010585
307614721
707207599
143195405
877398393
414203551
935916193
839326537
77495873
744871222
660471261
824382532
688840697
928368209
600827608
265632997
899579277
345946113
764754993
79986305
107026199
91950905
746305057
441315865
174895489
511098841
899544326
817308713
275099449
843325449
275194545
929711142
205329785
905131373
322736697
864761985
420350084
336319713
210746115
649567923
925942025
918785489
866255949
712661697
180711401
476673001
483499553
416418365
524210575
426131167
140403241
900570195
336457025
708500236
734548073
957246097
609333739
987138449
402463561
665595478
885269453
176855753
941334591
572317633
440914109
160455601
417920607
967061367
634588389
68504209
297459577
294554905
447549367
244742270
426562509
706086601
832440381
806043193
598040961
478580137
597525049
252398273
719538977
473126843
381651128
396933703
104308209
688615793
907577768
451054229
503355945
379778337
674003985
380253865
925951255
424574778
427514199
817930469
491795201
927750130
199842577
257683953
19704481
122891253
175714873
555635289
350018583
645551801
364187505
635942791
301854970
29469549
718377367
473897320
116732089
674072609
550868769
98651738
820313874
654861678
28381137
330394048
869366943
34794989
495178337
461933913
674131073
519437081
125562313
705640843
26598081
612678657
870536
926203649
117485365
932746129
128591821
336925691
883234979
819509297
396844777
275957521
83675917
527231081
756885185
658665725
253216897
167655377
953545423
924218791
653452793
604570690
613938316
310326853
522528693
808603008
191957853
754852369
171086677
217190175
482469817
979587663
3167777
981752635
535753857
542829825
699078019
353224801
985248712
373282545
701114949
969141761
400330915
476146441
271200673
830254665
80563209
702974011
896081121
467044865
599635169
402866548
797826917
982220321
572026233
139765132
811189033
468780757
961812491
748142593
70043227
567154001
175961025
258175745
946065073
297803777
506725913
698242909
707437153
346632075
332526452
50500253
489437320
89951486
246978439
670171705
363332228
967056093
621158341
509952633
766348787
192429045
144327461
702762238
156544273
702712833
64631063
72313069
385413889
795106305
386433497
659545363
783866729
394750351
587010647
622275107
653980889
859062589
26616181
399191442
507564957
143652489
68665551
319128081
761478303
4040692
10929273
116323817
683458337
388605115
359415713
450596369
503284697
559712441
990999197
803450449
972476911
528258809
268803209
566642002
17711118
470065409
556133713
366782294
531656620
570922412
813329841
894923481
880911997
291124993
235317439
462826525
229286189
465256997
568947990
24422417
583035603
957578157
251570845
358814571
741611105
43593349
503522705
749537377
898810623
769521597
220702089
826693737
716039381
146621011
889608459
294920353
32307707
240113497
430631229
68597949
392664257
940456297
935873261
846873485
343802393
119470353
724312577
322206281
231165497
826531395
336140123
212496253
287065851
932648929
376724381
272279941
615161416
343337233
438195921
523915897
51166169
857653483
748186689
855467457
219467261
841204037
908580963
567181873
85011107
25333909
103046490
48261377
914602753
897834398
327949017
539626754
436753611
139480676
804186275
863045177
667013363
98102821
130640071
943482657
942247369
352426444
513595421
829702327
988956833
707470025
233939505
199049989
804580727
328841900
862282849
149853225
421743641
659231153
533048570
178255009
428350001
5171681
695967537
188031165
953640667
858232633
477068865
617831447
782029969
900433591
566144625
238284353
491484249
864523826
480683337
208384125
577665297
566180165
965453328
900475880
36599473
386667993
75499155
744996867
630809439
232598625
506524133
236781857
640173049
578745817
74171869
220878524
101428673
123393251
23320665
1449479
82501001
284472889
66499897
674373249
853028801
895157859
897494529
961211224
486553681
954253205
374685121
930884633
200477899
583057465
101579357
185193690
329649597
270294483
350101037
947815123
316151197
117950761
429574739
328250489
413931397
81218133
631918473
334476153
534221075
960163167
266836348
972698497
835486611
935373499
155483545
945326945
277432065
246047489
245292281
868569169
602827413
476866565
168711349
349833344
281834627
300239433
868597397
35083393
899753839
45363013
456069201
343982731
930482653
488575185
648546281
511295479
77767417
462541473
182431787
354399483
743314513
901494073
409273517
6438344
715283976
368486745
148704463
88654081
990992043
535484545
73542113
701026801
222514349
434554263
765302529
137447219
724890625
24683725
870989073
506072065
868276289
948203753
99163345
254147288
793524929
563961389
297386601
880705591
852003431
892235379
930325001
854466884
589406809
294815743
150465
161299121
337869427
565942569
559476537
900537485
11625875
432855673
536355841
850215725
322295726
866628197
692400943
977702161
765054031
653158177
813714564
298325961
569033129
291991785
555285603
404710081
956613057
599439285
460782119
5744145
956325121
225525624
486080889
527234989
608086341
286157167
211341417
158857726
109422977
221816377
689942689
77644101
707783315
965576597
787258035
972064513
603843545
579192267
231677097
464012993
532459969
300280705
990939841
543186989
575706397
322780019
714268989
113150029
784914099
184785371
618399061
542375017
30313217
897852749
75336549
243030385
362688107
491664737
544816188
777323513
597169287
78967823
658076921
545939712
289732333
958931099
737104506
281680706
943029889
374447229
439251249
1659957
881819623
708609305
648983359
912944551
108465813
204660551
140413083
130805319
122930865
863892425
432307089
12722921
329064977
510673187
35187729
102711299
740902657
644554841
237526532
116432713
550745813
38262529
949536815
869964587
871100161
151141503
894825473
308301249
346910522
605124901
137255378
297841084
932639617
987588796
423738322
93553305
998047181
852516529
781602768
162830517
721434883
515052505
12438657
284715937
395123329
658291681
68555661
162569625
46929145
442750409
505417828
723223009
294010785
82623289
408105393
916772536
711024985
162062005
982487387
969478545
680381829
341180561
846714785
138432026
824585465
529741950
5362721
975837977
745884593
644273025
814356789
399990865
238762994
323804801
228201225
531075869
733595801
363985237
536350801
904651569
171143537
630386393
392652166
634063617
890606531
267163321
293137797
702565637
621630060
662231720
585540338
171640447
439607130
200903507
705523546
894092529
883649434
111885911
805130969
781789057
976314859
18222065
89960103
82720609
983102497
223672233
269801967
121038789
328476929
103796615
160888289
226559885
231715333
349444333
289815985
8142233
152482609
17187057
247038664
69774780
749718631
557776185
910800049
550474197
886176817
375527753
59816465
84828860
979116131
531500289
139009967
170529219
434256017
594426769
543593395
972396953
140815025
138633393
698467009
586022614
787745505
382376882
244664625
123608321
785308099
674310659
392936897
96941329
578301829
870196257
538024337
596893298
593217552
450945257
371867545
803527977
983189473
505367685
423674385
490281393
54166557
870577257
98460513
964744172
566843449
37352115
159914053
670085033
883575901
82856539
141701377
550854447
421805245
802270745
2623297
175377300
879558393
987514589
740118189
807295073
697093445
994228291
587324705
379297693
98122801
249151131
271467841
156244451
291548759
453958539
413975317
704698305
914428929
516855337
985045898
962623121
838895787
987861981
350532685
36164761
423825281
937189033
816100661
749305681
379837109
885447223
195677313
839113233
558053007
261427911
459044593
833862805
448416625
46148929
961246897
430702541
980758497
956673285
737474021
390270461
620453803
374757353
461924349
936205920
227393793
530607177
709679385
790569565
778113501
750256761
549967105
257481073
583781447
239996809
897845221
279268625
923323553
282249153
480534993
181141245
569915849
962213585
127232113
927021045
92039169
348859442
291996253
944034981
589326081
728040771
286873419
913351769
924594901
428215297
228558401
81650622
383885177
125287309
354972449
912638085
337397257
425419105
176573029
501379297
716127553
876325135
9519769
338061673
214176351
910007461
200297621
784185828
189308507
701878347
831941663
262554873
569841609
955606433
305518901
440685779
630309093
519718761
726148425
146485448
483964451
964686331
614351065
938431447
32171553
899160487
375226943
832669489
148492149
990130107
58989125
321926739
836256417
362218714
126706401
325698929
801151929
595340233
210425399
874667803
575888849
228690707
89007490
140223745
886065297
888282504
48783192
881661365
649842665
991066113
507341396
602790681
262559057
970540553
649044151
304383879
566055793
633597857
121050625
376241921
235464638
839346977
695370213
855928254
884196793
39096469
137114160
426009927
482260106
94669521
215410060
5825709
37826669
913677720
229952865
584077496
18235625
566686783
882105203
335844673
156274617
148327233
260156049
382298065
670525833
687773697
783370943
672525822
590902629
943245367
907930546
138034353
170327310
417047277
956556273
558200917
54407349
427563084
261188391
184755753
686930689
986910647
947036005
454962241
458139593
246880337
947456194
90197393
78740017
823841269
69719149
307004003
983498217
990494713
775869553
95984697
961912833
256503809
672210577
984633553
133233425
494095722
127129069
877427345
436706969
859411995
908904156
715199465
612379785
546596247
666427726
363997563
583274985
538227425
465947637
796331645
366054977
68737993
91023277
514005339
939705585
242154
554355560
907223959
510287887
90264691
348836318
551780843
329909805
205084414
881162785
815752038
215921651
521465857
25252401
432276017
583042347
241708853
426229433
317072641
416638647
748126865
105860515
857243517
365015616
894028945
578715559
296876417
893839393
706768321
64569611
766377
251876205
149528057
244122193
704258445
169111870
400638433
481220444
228056129
858713371
90983145
728610681
767289025
777587969
410892909
672184635
902892837
555850649
31315263
897555623
472244677
622491397
334718705
57802677
146074641
113710081
237927547
549040481
841261193
20876085
296460289
127973313
14137009
341503109
135926945
496278149
273601629
478203265
911958717
848934105
956909977
500817689
973478724
815720961
627255553
444899489
41177473
781805513
839553821
462811617
788666761
490672919
900156385
530676577
856396545
414057265
604879441
860184345
692294596
153949526
930125861
481530705
182271105
378044353
882150107
760186489
217361977
716393552
196522841
12700999
907163235
132218177
382397353
441997849
335569840
406218121
375263425
391099969
131144891
914536087
696297537
4157393
809910953
294121912
45362641
680604583
227785913
118483421
30929185
58248705
999219585
971043565
917087144
253441649
742062187
460644929
417939503
510418973
604136600
589504532
445694417
370919747
54512581
94016393
922787793
33238353
553209525
113994257
263958221
607881863
656314497
133473411
504757249
116024361
316163041
636110905
813774539
674695955
989536385
85011289
667599565
715862465
377693481
624068685
550276025
200176273
885715257
962380718
245349967
904283857
432659745
930104961
596292817
764455173
564026921
694212833
994162657
954814341
692913285
838497393
127722313
90606017
960381645
56999809
439767465
730645930
523844033
740004190
695962244
449822345
133536641
372978969
679648257
103121247
793677115
906161233
210190309
852767939
279779157
411068929
350788257
686213191
296252481
598187249
874783241
464705345
283489822
714095745
24266533
151196657
205753449
58208017
312719277
678421893
531703418
736072405
456182361
874391645
648371694
415858834
493205036
717423214
722226513
370924095
260713241
646604954
81386691
378145743
923442247
612776793
789504257
268951041
635483481
532778950
837037773
814781247
709919901
698260727
589035361
119470216
5913905
885303575
716102632
563327985
260082820
732475767
966918873
384930945
607700601
898640252
735164929
226393243
737768497
139406649
119403429
801927877
332817808
965578574
951168449
722819273
295581917
558437697
451876833
729446475
848568879
735840153
759864453
183234887
885135898
447505348
11216025
935910057
111986181
441241045
91929511
313365940
429699056
374891873
408280893
951389393
383190271
656956056
58370401
686496297
463484353
483725739
72624049
944369409
967768993
240211789
431667471
340194169
342308553
871611301
813954296
138978498
496489326
131566865
30576017
550024421
400998267
262627329
5637514
359032073
365897305
785877713
390985871
542157377
639660417
150295041
590335085
652420097
325685513
155095131
401916866
256773656
250916929
213820441
578196825
778262465
775989741
745216877
611809503
929761419
741617971
368638189
754144657
518964977
774125939
604000821
336720733
73619073
797984949
901044732
411345825
491984209
455688721
640425565
860337379
864590341
528250081
77247715
553156899
168574393
466338381
213024865
990621653
227644289
905041729
203756542
940873914
129738537
466071993
697626625
954495123
406214489
617930865
284290241
899480689
464118329
503533215
244799077
121453281
670942049
967016621
164362393
89918497
953558929
48461001
271329141
76508161
153124449
670675749
191950957
557880049
887717537
687881569
121344705
569956631
276210705
541683761
771901009
717833537
184980561
607500537
680157931
638153
968246820
414976737
244646945
824318633
464593159
794223265
431545105
991632745
27821720
10674491
983176233
194140689
145249743
755284103
862851073
955392001
48349953
935304817
855971993
955077301
556558585
996798465
583799131
609161389
957892937
898667161
926544110
235628849
307202767
80708125
462273553
617646255
28156465
898390026
394812208
439872737
930409531
698761397
819165037
490456577
869352289
381315641
766036145
94683844
162229308
89643309
50016089
531318485
559204851
211977205
471074657
504215881
365926497
885195593
570868915
500333337
838823377
125615649
939192565
830067845
742018889
897491265
974332445
118982689
498820378
589903641
409811590
90401735
413103405
676785105
464460161
152563739
183086475
283254132
858747001
583248641
333188067
229811939
744944243
927770529
256058365
72165321
93605323
369217435
282280193
435677785
271974785
274945777
699515137
287662193
1501165
210099949
471839035
753064077
518471881
436011167
477556633
382613329
23622265
152192918
615909555
965419597
161376576
737278345
664493629
779936705
31576360
734067233
190397233
50476306
923249345
181111093
281485146
868944565
650381193
347222049
783416749
622011962
7224695
509238841
873582285
783751169
311999109
537837479
95674225
198518487
584550794
209626113
462363457
413180257
868546097
766676545
44635811
63000017
114682389
510425857
712995795
841245048
881435544
314654370
142964773
839029823
971675985
160904891
761438291
153324961
270156369
882976801
889674329
931888065
943632969
572065831
406124705
722527151
517684077
487621529
896440289
700066367
720360219
194000081
533068448
641135977
699291649
483763905
378716545
618139021
94017595
900700161
138286209
370393857
303952979
936330589
885789725
327709569
453746047
146164641
479037972
27969313
935695429
863362729
236044833
28815731
420206873
189115745
944491217
702106581
354495701
587319517
249546654
597711120
772914257
864452096
83510485
427086266
953237887
451435341
409268833
143754430
698455585
82364037
312592069
293064945
391573091
871669893
984083753
381343145
110269045
170676637
983231775
230177553
768653657
52425601
481343585
44353931
197133069
440223359
441613468
535786901
271123057
742909761
851528101
975184397
4956949
172105169
407931395
251901717
510215675
412844769
323326243
630347664
185700033
624144033
553599389
137421637
522674273
109248990
931890097
400123471
821793062
234839925
615655888
569070419
473556045
904803217
692953697
985410143
700204897
533346569
467628101
961543039
223976413
352991377
656119417
916973057
38282631
940380097
39587457
833103553
783968785
940198753
476392835
599619583
760535337
435292697
623780927
28439613
96099517
16654181
571445105
801900121
526236513
915595736
817864289
789638481
593381441
702085017
35769857
233703841
659786376
987183754
971603774
524217435
269198249
821230908
381635075
658070425
655985754
398942457
56398929
994725205
987484381
797871521
93413019
665324637
828974393
615514913
412670709
584317544
788605473
896682633
386584289
993794251
56884353
318731149
385054294
374946761
583596809
621957467
859253993
497635665
981771531
480003625
5560031
422005249
827643597
914127457
692162097
865168409
598404195
973906353
49306833
660025425
275417286
666856674
35064889
966053153
542352321
293161117
650535628
54549675
628834185
43672793
811662858
534441993
945740283
180247197
791788497
518011959
592518497
194887353
67026626
775372726
132845185
432085245
929602135
667244813
864929793
863114735
572021361
448116695
511630673
400252455
908643501
791887505
589019085
606391187
678456307
844665857
684588545
507694479
66533949
448840093
421865024
539137385
578012217
867606621
465841777
965862169
233336169
803872889
410760705
184389073
528213029
906768689
302037777
680401655
8111105
417359353
6471729
329835637
605612391
873140713
415518521
7028449
616113171
837381377
707785429
504380001
554881713
612801578
27592993
115965569
202202241
439329141
699181659
219851331
296855499
561003025
137530357
79616301
321534489
638924545
918557393
57563305
15889762
600986273
342803010
174307521
815869269
643382058
239145657
230640977
192775771
193169265
569032979
707608333
853604033
330848745
178018575
831945729
102323897
575414166
600631761
489556816
87497585
498264572
784148810
33509145
844901365
37444481
869618433
995406881
239605757
826282812
449794201
927294234
210471641
626356011
101521665
758123201
76142049
249874481
62295849
281889837
810152193
829176177
927081834
225269779
495548683
887781827
689619943
50739479
733069585
224132649
426414455
929559529
775263257
980359866
487447041
895224893
97448533
150193737
833899185
33268615
161852789
928626726
70207868
586040227
630173593
546098785
535437263
496771317
696229825
722924345
176352385
139185094
44903261
112167681
612659509
885554625
129456485
772502953
499083713
898217983
967713408
426242729
129172835
257527228
726658920
512603841
340086386
102188695
989557579
630768129
661221891
814039529
753054773
734290973
11417569
973853461
926841747
452392192
293249121
110375937
43007649
297345249
234732009
886846481
779324413
251613431
767271969
807973133
492439993
681980307
124129417
8387633
240533964
484827101
38490721
555645070
403418215
680104847
81445737
976061989
965554115
537693473
162993073
667817217
857148929
604686085
779826379
106433649
423498669
48559730
578084441
413455153
73676321
936486835
808126941
813267915
408758281
186710837
60064473
620391361
747325508
278227376
632331721
189270221
310262977
925706361
974736915
581228802
767860855
936420137
732056833
763638709
881443429
336406119
363283841
142493609
270412704
978761695
454424169
116339009
996641393
415641937
401698737
615462253
341356573
488653345
649878432
363232753
928143307
971702010
232782529
135316529
348537805
837011723
894542565
303415297
749197441
519267281
669740523
956483233
162305701
6616031
280398725
899428609
231880293
599428841
600473427
345113295
868607673
102545547
31811091
460232153
523281855
838913476
93192285
308030377
356814569
747598267
320292653
805455201
873865193
477444213
986082121
899982737
725359321
413997825
325616209
925627619
879642631
454770819
64169227
404508353
393265858
329776481
349840345
870393807
40816903
228720193
32693589
412653585
66384177
545396473
405038301
995563937
815437793
682952335
511504893
182415753
153596961
39565513
939770121
27326089
940310767
874523469
564253025
758371313
435812227
516341915
676032171
682742145
539102149
403713347
225623153
487318343
626806169
223807191
558076777
251961217
747945081
482048569
31983169
138018664
41654641
579815129
694673257
112114513
249076969
128707835
283085770
915519385
346403257
986899394
182862425
313318169
784110245
877014409
980154625
817325447
196275521
879240812
93539797
764575413
823929001
302696477
269191441
863941249
75706289
694199821
305910813
832646197
721990904
125207665
449386841
517483265
64315039
130735757
632706064
849905587
129318261
795439193
705737105
315683457
686316257
816151663
492963839
419268738
766161809
432394337
895558457
593573519
303430597
234993809
914005269
91346433
584047139
999196825
594468001
45211313
708664051
777952485
966034145
283409617
955130723
359852977
592216647
503622305
125059585
427380137
172273807
409730703
754592734
276390049
691715451
94733621
605252561
524697543
189413735
411561057
693508781
850426552
918299377
457066177
674975517
815069851
548466157
980626681
788666373
953237019
53238505
761837685
479559233
268303633
100037505
913161699
892595267
23846923
591017969
94962893
982786789
838830065
546367221
753226197
744912901
139309409
893778307
655078008
29976417
867163285
516048807
496575977
794568641
132707302
634230479
450109209
388406161
627089921
155036469
225100156
661457405
402953275
450466621
93947303
667106136
662841094
110202085
341553165
87759593
331601009
396080397
765902209
268238185
905657857
436198675
126984561
107929553
457298297
177679365
340385345
210576417
44258393
80889730
609362501
495167793
594607569
553873713
55761537
914998293
411308625
121004225
796073887
480496129
78627093
868875813
958250177
598683472
929966472
113206042
238197969
652471016
952572585
966620181
796835005
741723692
937129569
20438895
677628467
480654039
434268759
110722961
109602217
155755915
254043729
223791689
463962973
774723015
774021697
561697297
444034569
286626711
266080726
851717441
401711125
375588793
695435519
150034119
81281963
709794099
523382137
902303855
829513925
208149017
704139751
218268394
875944061
648386881
797787067
354744113
970560218
91643313
756504545
542424417
376093957
90213873
517389635
567622729
865026027
424967972
512198593
258867505
803578857
881159793
615352800
398700364
953508245
919020776
374351491
802505617
342721186
427556545
553445249
273013185
781780713
28075429
223801701
221027515
865065856
420565468
907381127
745575487
542680379
611875645
636217601
320358657
532742875
864624097
4130191
476573785
346578681
807307725
865034379
536534889
472014547
249489051
387706300
424446525
315016869
181752537
562579825
613759877
108242889
747463449
950372901
18955889
80648188
53386377
243662695
614518424
619888741
791558021
185757397
300060339
885381313
341383605
931793308
609579115
828648344
630799473
313359312
706777745
326123921
517968526
558507095
800412909
972272593
167572161
243271871
735626145
305788341
108942512
79816390
859066785
46004317
75215229
410657965
967118517
390727327
546585662
853084533
617856620
376790313
358592257
379540413
302015201
411471169
282795779
640941985
42036465
934157481
615906357
907759881
948637812
706445441
321777643
976111369
954782529
658336937
292314793
330717237
777197024
521186121
741594054
613407329
581204545
402875601
735223911
808790305
332262953
676786502
93475329
367118785
711314321
105151227
205877851
748515097
753948889
496916993
502747411
940140969
977120449
622629211
6602879
568256230
889512801
61185897
25018193
192092511
997500759
803761601
877030545
914776545
274135979
134475777
581632577
875838654
777697577
272908961
371245677
709511678
270942063
355430449
501523013
879560693
785305993
273017851
160024449
129441397
925919718
500328161
67718503
199905449
498389525
314001513
83705573
687627531
629014301
325634660
473319713
951516582
209764701
170096937
51163622
143901241
227531201
919196340
591945107
222659265
943186013
763398931
271402641
887314766
388885605
774383083
144578177
213347553
181118513
638471989
834818761
992068599
169185866
865519419
25727577
302698121
952765735
871213121
508838913
960063137
24034177
458734331
410881681
718663027
512551849
514320339
117329121
814006081
131773233
448207939
266909437
144577447
332504042
28100633
952751429
70438697
248665624
534574599
421908743
899042853
793260353
624227933
842891401
170655745
616776602
14349969
446503789
884086932
157992163
515092497
663674439
935475681
833106649
896837257
434146385
881978107
79403553
406524197
804943379
688533025
82867129
504865153
526168728
130961
119960177
374761985
737331297
81077313
805203073
718896941
806095489
789016049
982429761
411297005
313487681
505386561
182867957
807210257
594446292
828926773
609012089
360963213
316275105
227802405
239116441
36517761
915815317
187361457
935944389
440072003
775396417
183574306
801574957
969629825
188148301
676716140
475074145
860751145
796334849
672772881
928145381
143352025
376189747
92100353
495365233
208399300
766297097
776167759
395579607
795435721
445939569
157275009
57805114
895259741
306384641
77374611
844803885
13938305
82562671
165269063
740993257
631295657
669603311
419785553
267338649
449071587
812537175
804011041
755357857
531959849
12656189
629555089
589741930
99035125
757652986
874247547
571034697
364574708
117486067
440177849
824654973
31801277
19881113
203448193
613810233
289514538
812281889
175655942
245145345
858603201
465884504
461306409
870569489
488347025
173584485
122998943
616167465
41368705
813834723
231272857
541498857
668805457
44819769
666118821
988583361
116509259
173512139
167989244
543915681
51725819
146551241
522259813
150185783
240726141
772110460
282133373
410205968
197112625
196880349
67109457
222055153
312560222
331616749
262093089
262010777
831172877
605569265
681182497
948407077
146316525
204653745
675615461
152770115
991704155
421500381
343817842
775242365
209675337
627552993
155879047
369825065
291886049
517332833
282658033
856967105
807685832
874983073
251808213
378855277
413257185
235815117
17852421
802701901
956254209
814232977
797820937
496899755
251907791
588407417
456443693
977507505
802907461
697669657
344539821
112042241
161367611
961624551
495337537
427306781
265713056
64122813
301017041
663355893
959185057
861531737
298120633
414959220
726175185
423702787
783375433
30690769
922430849
287611457
143966377
512224209
578320205
750263361
79967321
930702465
332179869
530309387
162642745
494899361
527978869
892389324
114081255
98564273
774928137
161452241
505057917
144792571
820491113
473034221
756252295
597068289
353297350
858453340
842448449
446856063
371578305
393369377
280630203
888199486
197971441
353289245
575131003
436968961
805224257
762232725
891641921
622789433
649144799
674582001
690564401
876459115
520915557
140462161
29702945
872383801
112102657
438645093
424559895
309530201
414099073
239508689
906849887
212505129
762092225
526449397
84132609
621705825
96041437
338105425
84364213
944001287
414703457
979721431
355995141
66632381
980449489
206339601
56742729
846591413
119467825
532299933
860464385
805050801
141939185
882009432
381365531
91583721
489704241
352851273
184267399
898765719
87320329
16744073
761979685
94281833
351492791
150414591
568553169
882184433
200039640
758682911
991105089
428270721
279902785
91578219
257279886
866530017
305731073
532022801
21915473
788591039
120569183
729686618
687721152
207390701
19952531
891438683
480855481
772700374
91352223
262474161
886623889
383963974
493176013
285970345
673923123
924786913
53931034
294256977
851434665
57189235
742117315
985677129
365620733
369333613
924254769
987635657
92738639
709452737
82269443
180875585
112316671
715909657
665391745
745156511
261162237
772137565
318770307
540307195
427194507
957249414
709434231
228763749
943747697
876927625
936979633
257765489
783880436
986789729
878545629
525502837
142546689
132521067
953363169
798861806
176178273
450143969
160886231
878344769
987440553
447967617
13896025
522069425
178374511
91485933
187123057
324917081
949110619
123016157
51691665
878308179
217949643
98687035
895557457
542785521
553286994
134628193
575737381
495930073
61910049
518091387
31888898
491689201
706508127
597386237
163097537
655904001
348799445
272714327
583609911
995268145
207462779
421981441
793489884
258761865
915816009
718537072
465479233
184668010
936951193
648773101
157899639
864074497
685769801
410753743
299370273
763033025
951900411
214146225
796039691
904912432
621027937
902798915
147835244
101344842
709252697
830271261
62396889
343322827
246733553
953448055
194268033
552580381
30036289
17825160
122820945
340656513
237347705
209602957
700960168
665292929
357141153
923132936
402059463
670795825
571128931
370155617
535158913
700468865
15807323
938766993
138949653
687942019
315884001
635556792
438387132
6445449
924271448
622479184
270123829
404884665
721177425
438164321
322084177
62715085
35735681
757981703
406999713
878148223
338056371
119870465
175319456
70292854
981357807
178534721
492192625
539950417
998880305
855867245
210799301
372353329
339578121
407145472
18662613
239130404
956046137
353839497
181106585
737336143
867104832
738748929
378484991
253118913
667390497
962107137
369725327
788789311
319119133
595617989
834857921
81659905
415386525
657288495
384923609
559727123
443522421
165753569
35758427
132500783
284331449
613673319
183158471
700425886
530178297
540718145
829351257
958166769
167620577
703647277
629759349
235923561
160232223
786574992
923868045
44561953
245392505
994761221
755062593
975219037
675236078
71598809
858524203
558177025
410667761
372790653
947958165
185366785
396506385
866388383
600626747
969943601
456588609
819626379
103537071
751982409
298120134
17728172
338852119
691249505
569578486
729045617
260760065
24650329
436301017
450296321
770329705
337905379
470275169
383396481
12033367
707434975
721941073
69082753
709758921
416206305
110430245
88969729
792474593
319298177
385148161
81514836
917066193
911570421
26079201
615609793
517450529
706285257
333790849
741905445
504505657
25364189
874997225
837649190
276723713
613428257
500653345
646170759
452609701
138139137
752848497
391593367
16084501
105214657
91508921
86656337
967096913
270158777
11196673
787401729
180819329
919973885
514977595
219344696
320455753
447155137
124820945
902779109
585622503
14368119
509606127
64357293
823019845
945252881
71259937
57306113
101682651
172796497
988717409
532998257
803676977
186735189
979669625
957062085
865585605
981772757
935667527
759786363
241944529
637083477
901353050
672260775
234512249
431453865
312030481
936320591
906997435
538668753
439289889
895500777
988909288
982145469
626041385
66329912
398625793
691273769
328359207
426431321
171217649
612731427
632499855
935573501
139131617
945599931
799907290
306707554
573001317
49092547
726774209
251491009
125679777
7736348
56318965
725662593
101813137
892574849
743824665
953620425
427343321
101322579
741967241
485666034
10460677
131934753
52147729
712310873
797966711
173149041
36522881
521921153
624127737
645267841
782412529
928513665
80734129
579150177
41599891
560869659
254751567
178607485
66208537
817736894
353096232
24247521
292158625
745206745
967862848
172327357
13197969
47987905
91793573
25834481
675614841
774482561
646565121
448585817
285253019
29835617
607315625
303878305
307582189
524593942
524684865
76764427
982499896
573191809
239309871
149831858
688370273
412619853
580672914
548853757
319431761
740935169
293206915
875983873
45492185
69462956
262441104
244700353
354706689
946304713
444877353
661871873
50902759
73626113
778327497
833961325
141283881
29441865
507736726
571588385
870095345
41149009
282650225
245803945
675288239
981534505
40688913
120015412
66790617
988088486
965594779
260039047
827139234
74902919
406142607
64337281
264295953
99591531
553052361
895610795
46388289
69331427
32252961
984492436
193807153
760836833
71553105
718346904
201572865
248613841
263762440
69283089
173457958
840924329
500459487
370608257
110414627
830387313
94187433
739856990
122144069
365847875
759351297
29820257
967924471
30083073
40263553
918118929
914599676
363023793
302465443
543085697
222416897
497030175
9302653
979665751
771732053
908089946
505807079
210834023
508609777
385095425
599163441
594221853
960219053
436094497
795233969
961040878
702832237
338837049
595119712
893215795
557157691
786217056
43688347
975985505
647927185
892761649
511361573
266693827
779961921
518120645
428195694
778163969
430309505
611150153
327185
83035559
95496629
169759633
280900105
279002885
298268185
707414418
752957890
753602612
599059649
251840827
553335204
262003585
97959419
82583643
382394881
862422315
163207949
29521393
873065161
72551897
308175021
52656955
306860521
813904710
244740811
719925099
462621940
587290151
494391307
236162185
868151837
445489393
861188287
795367777
19501373
585312777
577260165
473036281
391615121
576264887
127658017
631657629
797753433
395215581
942630977
999566657
876623453
588355038
573494599
331137521
975323049
810723275
890645173
358199577
861052161
619832825
29703457
337411305
774772929
989560243
727083521
858737793
704261737
976647790
204134074
754535049
139749741
797268705
741113021
330239617
805162816
547807988
246526088
566294337
712531025
182554105
260058849
951064168
203504352
614771061
101931329
362659519
896097159
625108671
381267761
373880065
900777985
58818589
867662757
910461713
592605489
399144575
899738687
868597881
337855449
94105347
150834748
882166942
510736545
141303261
906427485
909345593
913749453
944373701
52775937
25382362
842513585
16764249
44988243
686743233
936743775
171542081
563222469
794690595
481809977
90335099
799191586
48594519
854016993
303688851
624843904
636175537
35696289
664961771
213790357
875996321
666189217
416121409
302177625
115531189
556006657
436615473
654416821
227053393
951395152
558041497
21689178
504946164
3677927
37691905
29731553
133871877
417363969
431207647
107507475
179861465
306906961
250344392
443000465
214834513
5182259
987208134
692737703
279970525
966170517
364670881
110152275
307768229
524729537
583156301
820398023
997056425
25959719
568678401
55781729
896491415
279874784
853094365
266715137
436914509
649968385
847069103
495063600
374739057
411696253
555043921
463212758
154557037
427941457
299045799
731459904
493903791
416752503
903364017
956684545
434129473
839304097
777602043
55291593
626502923
605990417
941644227
523360033
184741997
465736515
960008161
135319169
725098529
248236053
573213149
873615670
176915465
411629111
508888395
900697921
215007761
419850561
382889921
915023025
998016833
830676158
724963305
889626593
305702833
467919649
612172871
244716270
451253557
885345226
97293401
396842671
721409181
760293663
254985079
616147673
826120529
691498250
6284809
973832577
757887117
546917773
787546969
233110801
432360257
34898460
874613877
67175367
576975898
935276089
769028233
305711542
795454249
434801947
750033083
769517825
756719397
268801101
114296585
170315171
116103197
589456449
394618601
71824648
232344469
935924257
638710401
824718965
421358673
449529561
48406995
122256804
751118071
769697381
759032413
696799131
952692532
51185921
16661723
59473561
254753029
890439153
521891009
30820547
365235625
331528271
126406535
674947837
166450017
549342125
650900737
88310961
11921969
585881685
283897931
693399105
672309329
770386947
970678281
158211099
882792401
561848257
231175165
935296314
50682017
726859329
192883201
693590633
238792277
608721248
210641617
795638017
511769061
296998189
362757953
163287391
475659035
1503937
989163265
579664001
630237373
12606433
656594335
106028313
147258653
527083521
503871466
457557241
543167332
328229072
582917881
14603221
423844776
452023419
284692497
978382561
394343885
541289486
881320545
88336513
107880867
887279168
757187299
940393231
34486317
866629082
120261745
763361461
153957288
690194686
815680449
949562809
944255873
941067849
141877441
284847600
989057207
238923113
776179217
626285533
415394133
730204977
457885649
55053796
423684953
229195816
846775089
903907411
173871021
140906619
142616385
758992729
828949897
214497697
829001665
383063153
978410337
184851340
269922346
982597505
383173313
647661401
592407393
379751449
614895249
855699809
148917229
210639049
199145887
827816001
145080933
540911908
634079049
747382090
131499137
802346809
845153225
483090235
216989817
95075569
490862851
114129841
815163053
476458723
998931681
566945564
651151289
470869721
237115757
315971559
616366845
729847409
997042585
249680309
253447441
668997057
743283085
38806625
888410070
995137313
590447301
539504865
201984277
478827737
724598489
20201614
181969061
724176619
937012993
919809637
22615139
953515853
515415317
708976821
